pa_measure = [	-37.00 -31.40 -25.50 -21.25 -18.50 -16.11 -14.22 -12.66 , ...
-11.38 -10.20 -09.17 -08.24 -07.48 -06.69 -06.00 -05.25 , ...
-04.70 -04.11 -03.59 -03.03 -02.60 -02.14 -01.73 -01.28 , ...
-00.95 -00.53 -00.17 00.19 00.47 00.80 01.13 01.40 , ...
01.68 01.93 02.20 02.49 02.72 03.00 03.25 03.49 , ...
03.71 03.96 04.14 04.37 04.59 04.75 04.98 05.19 , ...
05.35 05.54 05.72 05.90 06.05 06.22 06.39 06.58 , ...
06.70 06.90 07.06 07.21 07.36 07.52 07.64 07.80 , ...
07.90 08.03 08.16 08.32 08.44 08.55 08.67 08.80 , ...
08.92 09.05 09.19 09.32 09.44 09.57 09.64 09.84 , ...
09.89 10.00 10.11 10.23 10.32 10.41 10.52 10.64 , ...
10.69 10.82 10.94 11.03 11.12 11.22 11.31 11.40 , ...
11.48 11.59 11.67 11.75 11.85 11.96 12.05 12.12 , ...
12.20 12.29 12.34 12.44 12.55 12.60 12.70 12.78 , ...
12.84 12.95 13.02 13.09 13.16 13.22 13.31 13.35 , ...
13.42 13.55 13.59 13.67 13.72 13.82 13.88 13.97];
